num_poses: 1
0:
- cam_R_m2c: [0.864939222691187, 0.224340780616372, 0.128748401435798, 0.430087438005958]
  cam_t_m2c: [0.5928442, -0.45150412, 0.30839467]